nodes =[ 
 -1.0000000e+00,  -1.0000000e+00;
 -1.0000000e+00,  1.0000000e+00;
 1.0000000e+00,  -1.0000000e+00;
 1.0000000e+00,  1.0000000e+00;
 -1.0000000e+00,  -4.6642532e-01;
 -1.0000000e+00,  -2.7277234e-01;
 -1.0000000e+00,  -8.7995449e-02;
 -1.0000000e+00,  9.1708186e-02;
 -1.0000000e+00,  2.6826968e-01;
 -1.0000000e+00,  4.6903626e-01;
 -8.2855242e-01,  -1.7520757e-01;
 -8.3333533e-01,  2.5906192e-04;
 -8.1156937e-01,  1.6915635e-01;
 -8.1035732e-01,  3.4616929e-01;
 -7.9099363e-01,  5.3529489e-01;
 -1.0000000e+00,  7.0483807e-01;
 -6.7228916e-01,  -1.0000000e+00;
 -7.9857580e-01,  -3.4922607e-01;
 -7.1845522e-01,  -8.4788113e-02;
 -7.1450313e-01,  4.8752180e-02;
 -1.0000000e+00,  -7.0339980e-01;
 -6.9851753e-01,  -2.1776540e-01;
 -6.2903745e-01,  -3.1358410e-02;
 -6.9012595e-01,  2.6921704e-01;
 -6.5615847e-01,  4.1579793e-01;
 -7.0422612e-01,  1.0000000e+00;
 -6.5422966e-01,  -4.5160845e-01;
 -6.6665389e-01,  1.5023929e-01;
 -5.8153705e-01,  3.0304947e-01;
 -6.2746929e-01,  5.9481590e-01;
 -7.5881667e-01,  7.5983383e-01;
 -7.6592965e-01,  -7.7269733e-01;
 -7.9480886e-01,  -5.4316291e-01;
 -6.1823236e-01,  -1.3095269e-01;
 -6.1289279e-01,  6.0394599e-02;
 -5.5963930e-01,  1.2555436e-01;
 -5.8854615e-01,  2.0833618e-01;
 -5.2883069e-01,  3.7195989e-01;
 -5.3953721e-01,  4.8208592e-01;
 -4.0468357e-01,  -1.0000000e+00;
 -6.4381222e-01,  -3.2391514e-01;
 -5.5474211e-01,  -6.5312072e-03;
 -5.0829875e-01,  2.4291179e-01;
 -4.7795695e-01,  2.9983351e-01;
 -4.1873003e-01,  4.9242271e-01;
 -4.7749027e-01,  6.0139425e-01;
 -5.4193744e-01,  7.7073156e-01;
 -6.2360862e-01,  -6.2221896e-01;
 -5.5221720e-01,  -7.7900985e-02;
 -5.3973511e-01,  6.0069075e-02;
 -4.9276616e-01,  8.4743782e-02;
 -5.1630049e-01,  1.7617775e-01;
 -4.3928908e-01,  2.3879930e-01;
 -4.3015386e-01,  3.4745674e-01;
 -3.6424945e-01,  8.1099312e-01;
 -5.3786845e-01,  -3.9046900e-01;
 -5.8824490e-01,  -2.2045049e-01;
 -5.0906140e-01,  -2.1787120e-01;
 -5.3433458e-01,  -1.4954360e-01;
 -4.8168118e-01,  -1.3410159e-01;
 -4.9245165e-01,  -8.6552724e-02;
 -4.9889282e-01,  -3.3255884e-02;
 -4.9945915e-01,  2.3249833e-02;
 -4.8184125e-01,  1.3352532e-01;
 -4.6217070e-01,  1.9078324e-01;
 -4.5309740e-01,  4.1497596e-01;
 -3.4883717e-01,  5.4668373e-01;
 -4.7684629e-01,  1.0000000e+00;
 -2.2719187e-01,  -8.3642981e-01;
 -5.3966447e-01,  -8.0355805e-01;
 -5.2572867e-01,  -5.0884099e-01;
 -4.6663677e-01,  -6.4016449e-01;
 -3.9287116e-01,  -3.7799287e-01;
 -5.3890910e-01,  -2.9859218e-01;
 -4.5383691e-01,  -3.4208613e-01;
 -4.7038463e-01,  -2.7744107e-01;
 -4.4364301e-01,  -2.3060981e-01;
 -4.6623290e-01,  -1.8062912e-01;
 -4.1196553e-01,  2.8334503e-01;
 -3.7559454e-01,  6.6385167e-01;
 -1.8046267e-01,  -1.0000000e+00;
 -3.6991153e-01,  -7.7988951e-01;
 -4.0871999e-01,  -5.2293371e-01;
 -4.4698673e-01,  -4.3079442e-01;
 -3.5893708e-01,  -4.4020312e-01;
 -3.8102739e-01,  -3.2375627e-01;
 -4.1270842e-01,  -2.8226187e-01;
 -3.7875383e-01,  3.2641314e-01;
 -3.7680418e-01,  4.0609654e-01;
 -3.2868686e-01,  4.5680095e-01;
 -2.4025559e-01,  -6.8845980e-01;
 -3.1706862e-01,  -5.2532973e-01;
 -2.9476257e-01,  -4.5852159e-01;
 -3.3820984e-01,  -3.6825820e-01;
 -3.4559877e-01,  3.6133294e-01;
 -3.0671930e-01,  3.9487121e-01;
 -2.6724182e-01,  4.9291327e-01;
 -2.6571884e-01,  5.8206656e-01;
 -1.9419141e-01,  8.2507042e-01;
 -2.7386667e-01,  1.0000000e+00;
 -3.4187562e-01,  -6.2748366e-01;
 -2.9791398e-01,  -4.0155605e-01;
 -2.1729380e-01,  4.5031478e-01;
 -2.6409070e-01,  4.2456578e-01;
 -1.7194643e-01,  6.0546128e-01;
 -1.1986901e-01,  -7.2256515e-01;
 -2.4006235e-01,  -5.7787431e-01;
 -2.3639315e-01,  -4.9980943e-01;
 -2.4707537e-01,  -4.3468812e-01;
 -1.9873777e-01,  5.2117022e-01;
 -7.6394142e-02,  6.0992090e-01;
 -2.4896077e-01,  6.9168755e-01;
 -8.7508233e-02,  1.0000000e+00;
 -1.5291925e-01,  -6.1226498e-01;
 -1.6866545e-01,  -5.2786282e-01;
 -9.8193080e-02,  -5.4900931e-01;
 -1.9770421e-01,  -4.5925270e-01;
 -1.7048389e-01,  4.7003749e-01;
 -1.2533029e-01,  5.3976940e-01;
 -1.2065080e-01,  7.0502089e-01;
 -4.7181318e-02,  -8.4242862e-01;
 -5.7994998e-02,  -6.3208192e-01;
 -1.0443147e-01,  -4.8897246e-01;
 -1.5168760e-01,  -4.7643559e-01;
 -1.2461272e-01,  4.8422275e-01;
 1.6188737e-02,  -7.2320839e-01;
 -7.2947790e-02,  4.9465000e-01;
 -5.1625151e-02,  5.4195137e-01;
 7.8264345e-03,  5.7871326e-01;
 -7.1078664e-03,  6.8583973e-01;
 -3.6023365e-02,  8.2739557e-01;
 -2.8701152e-02,  -5.5550496e-01;
 -5.1529915e-02,  -4.9733758e-01;
 3.6600307e-02,  4.9865862e-01;
 -1.2933818e-02,  4.9983269e-01;
 7.1424795e-02,  5.5700981e-01;
 9.2792519e-02,  1.0000000e+00;
 3.3657739e-02,  -6.1671359e-01;
 4.2642286e-03,  -4.9998182e-01;
 1.3142965e-01,  5.2686935e-01;
 2.6842775e-02,  -1.0000000e+00;
 1.3122228e-01,  -8.2053854e-01;
 3.8656945e-02,  -5.4252395e-01;
 6.5731043e-02,  -4.9566060e-01;
 8.9720367e-02,  4.9188439e-01;
 8.1733386e-02,  6.5036123e-01;
 1.1786443e-01,  -6.7128527e-01;
 1.0280798e-01,  -5.6395278e-01;
 1.1535868e-01,  -4.8651041e-01;
 1.4935614e-01,  4.7717161e-01;
 8.9826360e-02,  7.9012092e-01;
 1.8459934e-01,  -5.9628331e-01;
 1.7364372e-01,  -4.6887936e-01;
 1.9976712e-01,  5.1761582e-01;
 1.5406983e-01,  5.9118629e-01;
 1.8966534e-01,  6.8653229e-01;
 3.1896919e-01,  -8.2335186e-01;
 2.3030823e-01,  -7.0287128e-01;
 1.5650995e-01,  -5.2308796e-01;
 2.0104376e-01,  4.5780062e-01;
 2.4549900e-01,  5.8360717e-01;
 2.2478908e-01,  8.2225216e-01;
 2.7846902e-01,  1.0000000e+00;
 2.2196805e-01,  -1.0000000e+00;
 2.2342206e-01,  -5.1521498e-01;
 2.2366974e-01,  -4.4718212e-01;
 2.6973933e-01,  -4.2099964e-01;
 2.8580076e-01,  4.1026567e-01;
 2.4574858e-01,  4.3543959e-01;
 2.6590740e-01,  4.9437494e-01;
 3.1361290e-01,  6.7289763e-01;
 3.8364386e-01,  7.9752176e-01;
 2.7781147e-01,  -5.8823457e-01;
 2.8408045e-01,  -4.8723149e-01;
 3.1100133e-01,  -3.9150756e-01;
 3.3784253e-01,  5.5388206e-01;
 4.7613442e-01,  1.0000000e+00;
 3.5914937e-01,  -5.4010450e-01;
 3.4066301e-01,  -4.4529411e-01;
 3.4725010e-01,  -3.5974625e-01;
 3.8221454e-01,  -3.2235391e-01;
 3.6264946e-01,  3.4421704e-01;
 3.2429595e-01,  3.8056818e-01;
 3.7902572e-01,  4.1303213e-01;
 3.2602697e-01,  4.5811867e-01;
 3.6809021e-01,  -6.7560424e-01;
 4.2696206e-01,  -4.7378029e-01;
 4.1769227e-01,  -2.7483298e-01;
 4.4455696e-01,  -2.2884298e-01;
 4.0162531e-01,  2.9782060e-01;
 4.1596599e-01,  3.5297828e-01;
 4.1236329e-01,  4.9758263e-01;
 7.0625552e-01,  1.0000000e+00;
 3.9315192e-01,  -3.9412807e-01;
 4.3367204e-01,  -3.3284028e-01;
 4.8561202e-01,  -2.8941021e-01;
 4.6681196e-01,  -1.7912732e-01;
 4.8232144e-01,  -1.3178025e-01;
 4.8486552e-01,  2.5312258e-01;
 4.4662282e-01,  6.2583892e-01;
 4.7813091e-01,  -3.8740879e-01;
 5.1325618e-01,  -2.1270060e-01;
 5.4374197e-01,  -6.4976354e-02;
 4.9309202e-01,  -8.2826667e-02;
 5.5868402e-01,  4.6508055e-03;
 4.9944122e-01,  -2.3631951e-02;
 4.9895790e-01,  3.2264767e-02;
 4.9135229e-01,  9.2590091e-02;
 4.7799913e-01,  1.4668616e-01;
 4.5793813e-01,  2.0073035e-01;
 4.3015120e-01,  2.5489203e-01;
 6.0763158e-01,  6.0416665e-01;
 4.6725094e-01,  -5.9806309e-01;
 5.6485682e-01,  -2.6708038e-01;
 6.1445633e-01,  -1.9204808e-01;
 5.3385808e-01,  -1.4520288e-01;
 5.2008449e-01,  1.9593104e-01;
 5.5413277e-01,  3.6966347e-01;
 4.7358024e-01,  3.1772843e-01;
 5.2099428e-01,  4.9676051e-01;
 5.5201010e-01,  7.7690863e-01;
 6.1112231e-01,  -6.1221166e-01;
 5.9936064e-01,  -1.0570840e-01;
 6.2741166e-01,  -2.4146263e-02;
 5.4360474e-01,  6.6751884e-02;
 5.4503838e-01,  1.3204271e-01;
 6.0401791e-01,  1.9023556e-01;
 5.5800331e-01,  2.7436449e-01;
 4.6458737e-01,  4.0955715e-01;
 7.8492501e-01,  5.5581598e-01;
 7.6154317e-01,  7.6468230e-01;
 5.1578606e-01,  -7.8091996e-01;
 5.3475142e-01,  -4.8073413e-01;
 6.1737040e-01,  8.0237481e-02;
 5.6651509e-01,  -3.5713643e-01;
 6.9976974e-01,  -1.1625890e-01;
 6.9360784e-01,  1.5395852e-01;
 6.6373580e-01,  2.9375163e-01;
 8.0277655e-01,  3.7932751e-01;
 6.4873319e-01,  4.3971104e-01;
 7.4594142e-01,  -7.7498844e-01;
